2025219361
2024399918
2024417199
2024379134
2024381649
2024382581
2025207937
2026204561
2024414221
2024388318
2024407156
2026204553
2024401228
2026204533
2024384836
2025239561
2026204484
2024427084
2024421563
2026204455
2024408724
2023477307
2024416911
2025240219
2024417592
2026204392
2024376764
2024388359
2024407004
2025215264
2024394524
2024396242
2024392570
2026204263
2024372141
2024384393
2024415754
2026204252
2025218804
2023476424
2024388664
2025206929
2024407153
2024395504
2023474608
2024390185
2024397960
2023471703
2024391338
2024391380
2026204149
2024389968
2024387239
2024390660
2026204107
2024395991
2024392088
2026204109
2026204110
2024402228
2026204038
2026204050
2026204045
2024386341
2024389953
2024384323
2024395163
2024404984
2024452608
2024403856
2024400340
2026203969
2024368406
2025212930
2024404733
2026203940
2024410574
2024411830
2024406976
2024398207
2024389335
2026203871
2024406563
2025205886
2024396495
2026203819
2023471098
2025226538
2026203799
2026203790
2024390388
2026203778
2024382550
2024363734
2024388019
2026203720
2024387810
2024359617
2025210264
2026203685
