2024398461
2024413008
2024408462
2025208612
2024402602
2026204594
2024406053
2025219361
2024409100
2025210149
2025258043
2024397098
2024430968
2024399918
2024417199
2024389381
2024433446
2024391993
2026204599
2024404754
2024409199
2024405785
2024405203
2025206517
2025216164
2025215684
2024425792
2024392605
2024443749
2026204609
2025227592
2026204612
2024426516
2024386917
2024407905
2024411071
2024401500
2024385935
2026204596
2026204583
2024380157
2024379134
2024405618
2024407659
2024422722
2024405145
2024404580
2024415925
2024381649
2024389785
2024403224
2024402945
2026204595
2024382581
2024391433
2024407097
2024409330
2025207937
2024403144
2026204561
2024414221
2024388318
2025208138
2024394002
2024388263
2024390916
2025216551
2025329467
2024407156
2024382967
2026204560
2026204568
2024413556
2024417133
2026204558
2025372125
2024381923
2024425845
2024386918
2024406754
2024381821
2025207562
2024381245
2024380717
2024406823
2026204566
2025221290
2025216655
2024401174
2025232695
2024415400
2024381221
2024396053
2025206582
2023409933
2024381479
2024414828
2024381645
2026204553
2025210242
2023476887
2024401228
2026204545
2024399794
2026204535
2024440837
2025272259
2026204514
2024399260
2024403192
2024401111
2024408923
2026204507
2024399825
2024379757
2024386089
2025243637
2026204515
2025207054
2024396883
