2024382581
2024388318
2026204553
2025219361
2024401228
2024414221
2026204561
2024379134
2024407156
2024399918
2025207937
2024381649
2026204484
2024384836
2024408724
2026204533
2025239561
2024427084
2024421563
2023477307
2026204392
2024376764
2025240219
2024388359
2024417199
2024416911
2024407004
2024415754
2024394524
2024372141
2026204455
2026204263
2024384393
2024396242
2023476424
2025215264
2024388664
2025218804
2024392570
2026204252
2024395504
2023474608
2024391380
2024390185
2026204107
2024387239
2024390660
2024395991
2024389968
2026204149
2024417592
2025206929
2024391338
2026204110
2024407153
2026204109
2024397960
2023471703
2026204050
2024395163
2024392088
2024400340
2024403856
2024384323
2026204045
2026203969
2024386341
2025212930
2024410574
2026203940
2024406976
2026203871
2024406563
2024389335
2024396495
2024368406
2024404733
2026203799
2026203790
2026203819
2025226538
2023471098
2026203778
2024398207
2024388019
2024382550
2024359617
2024387810
2025205886
2024390388
2025210264
2024411830
2024363734
2025207679
2026203685
2026203720
2024395293
2026203638
2024402228
2026203579
2026203610
2024400916
2024398358
2024412295
2026204038
2024395984
2026203577
2026203646
2024361342
2024369772
2024395796
2024452608
2026203621
2026203609
2024373831
2024382085
2024375011
2026203430
2026203596
2024404984
2026203417
2026203507
2024401609
2026203542
2026203340
2024356467
2024375026
2024393325
2024375438
2024407237
2024367069
2024391239
2026203389
2026203510
2026203409
2024371732
2026203204
2024352234
2026203234
2026203391
2024355055
2024386004
2026203169
2024372861
2024389953
2026203212
2024372435
2026203152
2026203305
2026203115
2024371658
2024351633
2024374545
2026203026
2024371795
2024380229
2026203073
2026203038
2026203144
2026202944
2024374955
2023466161
2024373668
2024374561
2026202951
2026202913
2024361723
2026203020
2026202957
2026202997
2024376724
2024405224
2024371367
2024346974
2023469583
2023470291
2024380221
2026202772
2024377543
2024362583
2026202727
2024359348
2025316666
2024339334
2024358761
2024367762
2024362369
2024364549
2024365321
2026202751
2024357834
2024351206
2024362918
2024358222
2024362391
2024366839
2024361768
2026202645
2024388686
2024350618
2026202576
2026202598
2024392459
2024357822
2026202639
2024355938
2026202650
2026202605
2026202565
2024364205
2024358142
2024354215
2024361412
2026202601
2024336355
2026202608
2024342954
2024348439
2026202529
2026202522
2024344474
2024332283
2024341199
2026202430
2026202500
2024358746
2024339326
2026202384
2024359841
2026202458
2026202371
2026202334
2024336422
2024357096
2024339053
2024349991
2024354568
2026202296
2026202342
2024336986
2024357175
2024373326
2026202308
2026202309
2026202379
2024351520
2024368730
2024391767
2026202222
2024358539
2024353746
2026202234
2026202252
2026202178
2024353336
2026202188
2024350893
2023466489
2024344411
2026202153
2024331446
2024344610
2024374491
2026202123
2026202165
2026202166
2024453796
2023465693
2026202168
2024391123
2024330916
2023465088
2026202121
2026202167
2024334249
2026202114
2024351373
2024332899
2026202038
2026202105
2026202012
2024358341
2024334992
2023467842
2026202051
2024366988
2024329035
2024344156
2024337604
2026202058
2024344010
2026201940
2026201939
2023467014
2026201931
2024347990
2023467598
2024355160
2024369740
2024340324
2026201927
2024354389
2024374390
2024353211
2026201848
2026201849
2026201905
2026201943
2024340717
2024338498
2024395153
2024345004
2024351812
2024364169
2023464687
2024343424
2024342565
2026201719
2024332984
2026201647
2026201941
2024327335
2026201832
2026201596
2026201577
2026201437
2024342567
2024319668
2026201553
2024334964
2024333512
2024299578
2026201414
2026201418
2026201366
2024329759
2024334250
2024320183
2024353210
2026201605
2026201337
2024339652
2024342405
2026201297
2026201359
2026201282
2026201309
2024328041
2026201342
2024348036
2024344391
2026201193
2026201529
2024330850
2026201459
2026201194
2024329135
2024399811
2024330582
2026201139
2023461945
2024373192
2024320442
2026201154
2026201152
2023466408
2026201071
2026201241
2024327348
2024331551
2024324723
2026201046
2024321319
2024439059
2024320853
2024300679
2026200950
2024299268
2024385742
2024323703
2024324889
2026200962
2026200955
2024327194
2026200957
2024331569
2026200899
2024328721
2026200838
2024323124
2026200931
2026200890
2024298516
2026200757
2026200832
2026200897
2024288296
2024301311
2024299855
2024320580
2024325330
2024325218
2024320972
2024321702
2026200695
2024338275
2026200714
2026200675
2025278208
2024331059
2024325219
2024317380
2026200734
2026200696
2024296851
2024315890
2024374433
2026200596
2024386979
2024322154
2026200629
2026200612
2024309291
2024318139
2026200646
2023466990
2024315994
2026200547
2024317517
2024318895
2026200550
2026200448
2025293334
2023471620
2026200504
2024407767
2026200486
2026200465
2026200471
2024315146
2023459396
2026200436
2024297293
2026200391
2024315697
2026200623
2026200379
2024299420
2024314884
2024291267
2024301078
2026200273
2024354191
2024408479
2024315439
2026200186
2024301643
2026200374
2024297569
2024315411
2026200383
2024313518
2024358688
2026200238
2024303227
2024309541
2024292957
2024393997
2026200183
2024321691
2024318556
2024300185
2026200123
2026200184
2026200327
2024311804
2024292439
2025268291
2024294714
2026200040
2026200085
2026200150
2026200058
2024288438
2024310215
2026200044
2026200077
2024291618
2023461957
2024287899
2026200062
2026200019
2025287425
2024298350
2026200041
2026200024
2024278799
2025287391
2024286688
2024288042
2024316973
2024295509
2025287393
2024414899
2023457149
2025287304
2025287397
2024295481
2025283666
2024281481
2024292914
2025287353
2024286860
2024291196
2025283563
2025283669
2024308611
2024291671
2025283575
2025283691
2024296062
2024288960
2025283488
2025283689
2024293507
2025283555
2024289294
2025283501
2024283141
2025279802
2025283570
2023458219
2024315113
2024289691
2024304933
2025279810
2025279804
2025279805
2024294994
2025279806
2025279762
2025283490
2025279770
2025279808
2025279685
2024397846
2025279738
2024273423
2024275261
2025254484
2024284266
2025279607
2024282571
2024284386
2025279709
2025279660
2025279646
2025279596
2024267511
2024277982
2024314230
2024304832
2023447446
2025275283
2024273487
2024430604
2023448807
2025275306
2024282884
2023464646
2024444880
2024279066
2025275190
2025271574
2025279815
2024291631
2025275184
2025275136
2025271458
2025271556
2025271507
2025271577
2025271539
2024309668
2023458797
2024263291
2023445053
2024436572
2024282145
2025275151
2025271459
2024296021
2025261063
2025271408
2025275142
2024263086
2024310056
2025271262
2025271382
2025271511
2024304441
2025271460
2025271335
2024313086
2024273668
2024310123
2025232989
2025271383
2023450337
2024263769
2024281952
2025271257
2025271241
2023450791
2024282061
2025271239
2025271081
2024283753
2025271026
2024410143
2025271037
2025271127
2024263627
2024269457
2025271079
2024289899
2025271019
2024280313
2025271171
2024274321
2024272995
2025270969
2024271649
2023457113
2025267471
2024257343
2024279418
2023459118
2024305676
2024252226
2024274584
2025267509
2025267419
2024250420
2025267532
2024267955
2025267427
2025237442
2024302028
2025267468
2025267340
2025263919
2024279756
2023442130
2024264128
2024273970
2024268607
2025263820
2024260183
2025263802
2024253986
2024286151
2025263870
2024267291
2024268616
2025263843
2025263769
2025263867
2025263752
2025263759
2025260009
2025263781
2024318632
2023444467
2024258430
2024264980
2024273693
2023476387
2024266106
2024437410
2023451352
2025260004
2024251062
2024273309
2024439269
2025259927
2024263597
2024304188
2025259936
2024266569
2025259933
2025259942
2025259910
2025259928
2023449567
2024242609
2024308350
2024273059
2024267362
2025259884
2024307048
2024303991
2024272553
2023453786
2025256235
2025256231
2024269633
2025256234
2024244908
2023457859
2025256206
2025256207
2023440398
2025256114
2024265299
2025256122
2024260993
2025256128
2025256149
2025256165
2024253661
2024266448
2024245781
2025256167
2024280032
2024266684
2024274464
2024248472
2024266033
2025256093
2024240376
2025256121
2024258899
2024256357
2025252647
2024242951
2025252657
2024265269
2024259495
2024259109
2025252663
2024305090
2024272049
2025252575
2024268817
2025252565
2025252530
2025252529
2025252549
2024303399
2024259478
2024234462
2024234452
2024253804
2024264960
2025248743
2024236958
2023442872
2025252531
2024277784
2023436556
2024254890
2024265898
2025248703
2025242204
2025242281
2024244334
2025242208
2024252075
2025242202
2024250064
2025242175
2024266036
2024245342
2024230932
2023441334
2025248644
2023442899
2024342193
2024254079
2023435665
2025242158
2025242159
2025242081
2024342246
2024235744
2025242087
2024252845
2023441207
2024264368
2025242176
2024253094
2024262296
2024249027
2024245879
2024246753
2024246843
2025238117
2024279773
2025238081
2025238057
2023442813
2023441819
2024272217
2024235585
2023445677
2024253466
2023430612
2025238082
2025238140
2024253312
2023465630
2025238018
2024290483
2025238049
2024238379
2023427441
2025237921
2024239768
2024257530
2024285254
2024239585
2024247436
2024244923
2025237969
2024262114
2024253411
2023468880
2024240270
2023432973
2025234275
2024280864
2024237226
2024225224
2025234295
2024244557
2024264053
2024251883
2024242038
2025234202
2024229256
2024242577
2024246689
2024231667
2024258114
2023440030
2024267203
2024286781
2024264089
2024259944
2024221434
2025230785
2024237958
2025234180
2023430550
2024381387
2024244669
2024239035
2024230654
2024222581
2024228171
2024254636
2024267765
2024258318
2024242652
2025230741
2024243827
2024258597
2024231347
2024260382
2024252357
2025234139
2024241465
2025230655
2024251922
2024249909
2025230670
2025230748
2024248639
2025226794
2025230712
2025226806
2025226807
2025226808
2025226805
2025226832
2025226734
2025226778
2025230653
2024326275
2025226763
2024233495
2025226719
2024242485
2025226664
2025226721
2025226704
2025223959
2024231805
2024234942
2023433227
2025226675
2024303646
2025226819
2024231662
2025226741
2023438220
2023431557
2023438216
2024218683
2025223839
2024229324
2024234961
2024216570
2025223821
2025226691
2025223788
2025223783
2025223779
2024224987
2024236117
2025223909
2025223929
2024227900
2025220893
2024226595
2025220905
2024233743
2025220862
2024229355
2024302339
2024224623
2025220753
2025220703
2025220695
2024218532
2023456818
2025217433
2024248181
2025220691
2025223751
2023438544
2024226775
2025220707
2024225116
2024224185
2024222145
2025220722
2025217323
2025217386
2024226656
2024229862
2024232585
2025220784
2025220704
2025217282
2025212746
2024221073
2025217308
2023439421
2025217425
2024242028
2024242130
2025217305
2025217322
2023369186
2024218927
2025213707
2025213661
2025213705
2025217274
2025213614
2025210907
2024209924
2024220651
2024222607
2023436610
2024209750
2024207494
2025210914
2025213704
2025213617
2023434225
2025210861
2024218990
2025210853
2025210811
2025210921
2023420759
2024316702
2025210895
2023421347
2025210855
2025210806
2024299389
2023427990
2024228532
2025213583
2025210775
2025210774
