2025216164
2024409199
2025215684
2024398461
2024408462
2024380367
2024426516
2024399918
2025208612
2024392605
2024430968
2025210149
2024425792
2024402602
2024405785
2024443749
2024433446
2025227592
2024406053
2024413008
2026204599
2024417199
2025206517
2026204594
2024409100
2026204609
2025258043
2024405203
2024404754
2024397098
2024389381
2024391993
2025219361
2026204612
2024407659
2025329467
2024403224
2024385935
2026204596
2024409330
2025208138
2024402945
2024403144
2024380157
2024404580
2025207937
2024388263
2024386917
2026204583
2024405145
2024391433
2026204595
2024407905
2024388318
2024415925
2024382581
2024390916
2024379134
2026204561
2024411071
2024405618
2024381649
2024414221
2025216551
2024401500
2024422722
2024389785
2024407097
2024394002
2025206582
2025232695
2024381645
2024413556
2024406754
2024381245
2023409933
2026204553
2026204568
2025372125
2024381221
2024380717
2024407156
2026204558
2026204566
2024415400
2024380679
2024382967
2024406823
2025216655
2024381479
2025210242
2026204560
2025221290
2025207562
2023476887
2024386918
2024396053
2024414828
2024401228
2024381923
2024401174
2024417133
2024425845
2024381821
2024395886
2024415581
2025213158
2026204545
2024440837
2026204527
2024398369
2024415474
2024384100
2025228628
2026204515
2026204533
2025228828
2024414702
2024382463
2024388911
2024399260
2024392689
2024386089
2025207054
2024399825
2024396883
2024417183
2024408923
2025243637
2024379228
2024379757
2026204535
2024403192
2026204507
2026204514
2024401111
2024399794
2025272259
2024400888
2023473173
2025210656
2024408428
2025207347
2026204550
2025206512
2024389543
2024415131
2024414096
2024418501
2024411053
2026204497
2026204531
2024398058
2024388374
2025215186
2024400770
2024404814
2025206242
2024403480
2026204523
2026204536
2024384836
2026204528
2024401836
2024411100
2026204529
2024410827
2024402300
2024394955
2025239561
2025207748
2025216342
2024389410
2025207177
2024401616
2024416482
2026204465
2025206046
2024385046
2024397140
2024406623
2024403103
2024398564
2023477922
2026204481
2024417709
2024415487
2024398649
2024401538
2024412664
2025207839
2026204483
2024407585
2026204472
2024414123
2024389213
2026204487
2024381558
2025205702
2024405495
2024396969
2024415107
2026204466
2024407519
2026204485
2024401202
2025205933
2024412487
2024381905
2024403508
2026204489
2024406836
2026204448
2024380537
2024392480
2024388230
2024379255
2024409195
2024421563
2024404871
2025355343
2026204484
2024414164
2024388909
2026204498
2026204432
2024403877
2024400984
2026204493
2025227353
2024428459
2026204480
2024394344
2024427084
2024413376
2026204479
2024408349
2026204491
2024407324
2024409833
2024424565
2026204486
2024384971
2024382966
2024399927
2025210684
2024399297
2024416435
2026204446
2024396262
2024380129
2025206283
2025220527
2023475866
2024380823
2024399656
2024437745
2024377422
2024407832
2024391413
2024407006
2025207321
2024400035
2024393307
2026204455
2025226899
2024398792
2026204438
2026204440
2024390021
2025228304
2024401716
2026204433
2024408724
2024380213
2024408694
2026204431
2024400600
2024403107
2026204419
2024416911
2024406255
2024397150
2024407288
2024380980
2024402545
2024381050
2025212974
2025208272
2025216253
2024394258
2024403128
2023397392
2024390313
2024399575
2025240219
2024379962
2024408702
2024403324
2025213995
2026204463
2025386959
2024396426
2023477307
2026204435
2026204436
2024405811
2024400178
2024402215
2024384558
2024393285
2025235741
2024431660
2024428608
2024396680
2024399687
2024405204
2024392593
2024402206
2024409098
2023475781
2024420283
2024378844
2024394362
2026204388
2023476391
2025218031
2024381989
2026204395
2025225950
2024417570
2024416277
2024417592
2026204426
2024427109
2024397507
2024398716
2024416425
2026204421
2026204415
2024411268
2024401462
2024426656
2024399298
2024378222
2024417005
2024413648
2023472481
2025242058
2024405942
2026204389
2024411826
2026204369
2026204390
2024396040
2024404879
2024407419
2026204356
2024425204
2024406637
2024391712
2026204351
2024407114
2023475637
2024409147
2024372708
2024411813
2026204380
2024376764
2024394249
2025386957
2024407654
2024398638
2024399107
2024407822
2025213969
2024398390
2024396707
2026204363
2024396270
2026204373
2024407965
2026204392
2024392893
2024408785
2026204372
2024409336
2026204365
2024375667
2024413246
2024376633
2024408085
2026204352
2024441443
2024378444
2024393160
2024402976
2024390979
2024394093
2026204379
2024375008
2024406749
2024397866
2024377532
2024414830
2024401541
2024394195
2024375902
2024385938
2024396106
2025218272
2024377552
2024397647
2026204376
2024393442
2023473460
2024393125
2024376138
2024393245
2024398450
2024390811
2024390975
2024395708
2025227093
2024374768
2026204331
2024407004
2024397666
2026204345
2024388359
2024408625
2026204316
2024375655
2024400678
2024394524
2024390306
2026204314
2024388968
2026204322
2024400911
2024396410
2024403234
2024400822
2026204320
2024413657
2024403632
2026204324
2024376459
2025215264
2024376063
2026204325
2024421417
2024395800
2024386820
2024381917
2025210050
2024387314
2024404228
2024396242
2026204288
2024394829
2024395036
2024401377
2024376714
2024403131
2024377421
2024396485
2026204337
2024392332
2024411047
2024376969
2026204276
2026204274
2024384430
2024408766
2024392570
2026204286
2024393475
2024407583
2024407791
2024393937
2024394987
2025206673
2024387358
2024406899
2026204275
2024395930
2024408108
2024398013
2025225704
2025215451
2025262336
2026204272
2025215192
2024378163
2024378319
2024393653
2024392214
2026204254
2024420392
2024402363
2024398970
2024395366
2026204292
2024385217
2024401395
2026204255
2026204287
2024408105
2024410057
2024395042
2024388068
2024403185
2024399127
2023472973
2024389236
2024392083
2026204291
2025212067
2024394538
2026204278
2023477798
2026204270
2024378001
2024372141
2026204263
2024404435
2026204230
2024392406
2024393766
2024393671
2024405557
2024398351
2024395863
2026204252
2024384393
2024415754
2024396105
2024396446
2023475290
2024395448
2024372662
2024408629
2024383490
2026204265
2024393613
2024406226
2024389781
2025228487
2024397056
2024394925
2024401559
2024408394
2024376037
2024407888
2024387500
2025210233
2024392153
2026204197
2024400491
2026204241
2024407675
2024411110
2024391629
2024397370
2024401124
2023474689
2026204240
2025215671
2025211369
2026204232
2024403354
2025245513
2023476424
2024371375
2024394499
2025227631
2025211114
2024398834
2026204221
2023477336
2025218804
2024401935
2024380373
2024375096
2024412619
2025205709
2024396408
2024405739
2026204233
2024396067
2024395789
2023474608
2024382994
2026204202
2024395504
2024397605
2024388664
2025364975
2024370574
2024426120
2024407153
2026204170
2026204204
2023474877
2024401268
2024372148
2024390956
2024398599
2024369490
2024400372
2025329424
2026204200
2025228229
2024373022
2025206929
2024396548
2025216574
2024400197
2026204209
2024392489
2026204168
2024388709
2025227417
2025207753
2024397960
2024439045
2026204201
2024394383
2024370669
2024431819
2024396373
2024394361
2024393831
2023471703
2026204169
2026204179
2026204205
2026204213
2024451640
2024382784
2024395056
2026204177
2024376214
2024460621
2024388467
2024392144
2025207608
2023471341
2026204173
2026204199
2026204212
2024415923
2024390185
2025344951
2026204215
2024382013
2024401344
2024373436
2024391338
2024412575
2026204207
2024399674
2023474632
2025223065
2024400917
2024402784
2024394159
2025254707
2024415348
2024405717
2024377683
2025344428
2024396724
2024370166
2024398176
2025255461
2024408688
2024371919
2024373631
2024381713
2026204192
2024396826
2024382708
2024390693
2024389657
2026204211
2024401160
2024400712
2026204141
2026204149
2024412053
2024391380
2024393098
2024400810
2026204144
2024393156
2026204145
2024390489
2024390257
2024412821
2024419101
2024375540
2024405446
2024397452
2024399243
2024392074
2024392134
2024370890
2024376469
2024394385
2024392363
2024369978
2024400659
2024389956
2024396246
2024394284
2024389968
2024379282
2024378578
2024396731
2024402833
2024398298
2026204154
2024410776
2026204137
2023472042
2026204112
2024388460
2024387239
2026204122
2026204123
2024405597
2024391014
2024408197
2024391647
2024386480
2024395991
2024392088
2024393748
2024406318
2024390660
2024387813
2024407999
2024390974
2024387368
2026204101
2024391005
2024388702
2024405322
2024406478
2026204115
2026204107
2025209763
2024390667
2026204119
2024391515
2024407249
2024381195
2024401307
2026204113
2024402717
2024422980
2026204105
2024372089
2024398844
2024370798
2024377801
2025220429
2024417092
2024369514
2024369666
2024408115
2024392341
2024397906
2024394741
2024386490
2024391676
2024398535
2024402228
2024388734
2025289792
2026204054
2026204053
2026204046
2024396082
2023474347
2026204110
2026204109
2025213514
2024373733
2024390788
2026204111
2024392701
2024379778
2026204051
2024385129
2024407598
2024390582
2024370419
2024378549
2024403983
2024379520
2024394235
2026204040
2024403937
2026204066
2026204057
2024387599
2026204050
2024394227
2024390032
2024394252
2025213753
2024367511
2026204055
2024398436
2024402937
2026204038
2024468086
2024387697
2024400169
2024368856
2024406948
2026204058
2026204062
2026204061
2023471685
2025206055
2024381409
2024386225
2024380058
2026203987
2026204017
2026204042
2026204045
2024379986
2023470974
2023475114
2024397565
2024386380
2024407607
2026203995
2024386341
2026204011
2024387007
2024412777
2024368847
2024375859
2026204013
2024366451
2024402123
2024402835
2024389419
2024394748
2026203998
2024388464
2024366772
2024391298
2024394351
2024397877
2026203986
2024407138
2024384475
2024384323
2026204016
2024389953
2024367928
2024373915
2024398537
2024400244
2026204025
2024409090
2026204031
2026204018
2024401138
2024384488
2026204022
2024369393
2026204035
2024369437
2026203983
2024402548
2024402343
2024367868
2024409429
2026204003
2026204014
2024377761
2026204023
2024393973
2026204030
2026204008
2024398373
2024366469
2024389030
2024366801
2024388307
2024390808
2024368667
2024367080
2024409569
2024396236
2024400649
2024373650
2024387456
2024393650
2024402767
2026203947
2024384818
2026203961
2026203951
2024404984
2024404594
2024403686
2024407011
2024377058
2024392208
2024379779
2026203962
2024372820
2024433308
2024395163
2024404535
2023474301
2024380263
2026203965
2023477519
2024392169
2024366841
2024400087
2026203972
2024386553
2024365873
2024385777
2024378597
2024403856
2024365480
2025206254
2024452608
2026203959
2024383742
2024385016
2024367820
2026203973
2024405613
2026203953
2024402369
2024368198
2025206082
2026203957
2026203946
2024383417
2024367450
2024382617
2024400340
2024375797
2024365479
2026203975
2024365533
2024401334
2024398401
2024398532
2024379803
2026203956
2024366798
2024379152
2024368406
2026203968
2026203967
2024394504
2024405971
2024377092
2026203969
2024417721
2025210118
2025212930
2024374266
2024401354
2026203934
2024399807
2024379333
2024400844
2024403665
2026203939
2023473855
2025205781
2024416820
2024375770
2024375740
2024387040
2024366166
2024383325
2024374161
2024403963
2024386100
2024374974
2024387602
2024378562
2024384216
