2024348036
2025226538
2024330582
2024336986
2026203073
2024327335
2024391338
2025283666
2024362391
2024399811
2024353211
2025275306
2024373326
2025279607
2025283570
2024272995
2025271574
2025271458
2024253661
2023458797
2025271539
2025271556
2024268817
2025205055
2025252663
2023410872
2024242130
2025217308
2023440030
2025210779
2023441207
2023381847
2025205148
2025203439
2025205065
2023426077
2025204254
2025203358
2022482559
2025202756
2023324232
2023356080
2022483721
2023319227
2024304250
2023354153
2025202109
2023283707
2023284865
2024267040
2023257644
2025200210
2023260431
2023312643
2025200054
2024259696
2023247499
2023444874
2023233603
2023421715
2023263320
2023234600
2023280488
2022459444
2023258574
2024201929
2024202733
2022309659
2022453749
2024200277
2024200779
2023235297
2024202077
2022444592
2024201520
2023236804
2024219474
2022391675
2024216281
2024204689
2022353555
2024202973
2022425066
2022278101
2023241397
2024219342
2022261868
2022269916
2022262435
2022271320
2024219602
2022246569
2022260655
2022245333
2021453532
2022305651
2022293363
2022367098
2022272611
2022254772
2022349005
2022320784
2023246851
2022246591
2024205126
2022234783
2022225282
2021428588
2021446677
2023206165
2024200707
2020477040
2023203536
2022237538
2021387755
2023203229
2020482458
2021364691
2021383307
2021409721
2021419066
2021343372
2023200332
2023200851
2021321287
2020481929
2022368363
2021344515
2022207654
2021264532
2021378868
2020462418
2021252927
2022219906
2023200802
2021369864
2023202492
2021338376
2021338303
2021253210
2021273296
2021326569
2021287316
2020451827
2021274166
2021285093
2022206791
2020406798
2021227740
2020436768
2020378435
2021308950
2021375694
2022218482
2022228093
2020369979
2020386050
2022235630
2021282994
2020310932
2020326730
2022201463
2022235564
2020301216
2020336151
2021207505
2021273617
2020420364
2021290284
2019441003
2021207704
2020282322
2021209917
2020348304
2020351811
2020342539
2020393728
2022202575
2021207629
2020335028
2020319138
2020276531
2020271070
2020275833
2021211931
2019436290
2020209603
2021236509
2020271014
2020274825
2021103787
2021106580
2021229178
2020287090
2021221769
2022204045
2021290386
2021205108
2020242490
2019431055
2021212106
2021105120
2021204362
2019413517
2021104479
2019410266
2019374663
2019409983
2021105012
2021103042
2021240206
2018446510
2020226385
2020218241
2020346686
2020224256
2021102301
2020275559
2019373471
2021102692
2019364195
2021101613
2019352504
2019344405
2019398116
2019346378
2021101447
2020240383
2018430831
2019348010
2020104322
2020273358
2019245424
2021200621
2019321639
2021200299
2020273375
2019301580
2021200084
2021100526
2021202823
2019335417
2020277145
2019247009
2019320771
2019429030
2020239692
2019280696
2020241905
2019247776
2019250928
2021100560
2019224937
2018396636
2019238187
2017444373
2019101737
2018436322
2019343426
2017442495
2020102904
2020204132
2018417235
2020256387
2018413669
2019322806
2018401637
2020210162
2018355217
2020101959
2018384223
2018401246
2020203726
2019246968
2018369528
2018366770
2018351405
2018388850
2018331397
2019224098
2018278782
2020201640
2020203669
2018361545
2018333123
2018351858
2017427054
2018345686
2017417809
2018389642
2019226157
2019203864
2019284151
2017435486
2017439921
2017433235
2017423439
2019226138
2019246773
2017426168
2019271888
2018274424
2018234848
2018206592
2020202595
2020201723
2016432553
2017375040
2017336905
2017376897
2017370655
2017379785
2018321384
2018281928
2017395741
2019250123
2016433510
2017326638
2018319444
2019204477
2017343990
2017386533
2019203201
2017404183
2019202624
2016411625
2017316513
2017341674
2019200111
2017101849
2017335678
2018322503
2019201265
2017324949
2016412717
2017344389
2018258752
2017277437
2017266608
2018275002
2019200002
2017302500
2017277813
2018271256
2017267998
2018236828
2018271264
2017218456
2019201956
2016409304
2017241658
2018232891
2017222708
2018217302
2019100831
2017309399
2017221284
2018206736
2018222950
2018204730
2017217552
2018100448
2018204922
2016313961
2018203813
2016391189
2016375312
2016368696
2016347869
2018247332
2016349780
2018203610
2017269712
2015413918
2018236694
2016406586
2017279785
2018202619
2018202341
2016307843
2016262259
2015411307
2017219098
2017268514
2018101013
2018203512
2015401995
2012101979
2018200879
2016261837
2016306711
2016287512
2015385701
2017265168
2015362066
2017245470
2016226500
2017216496
2016243746
2016348401
2017204090
2017203900
2017258951
2016211547
2017204016
2015362076
2017221899
2017203295
2016221451
2015368047
2017202682
2015283858
2017202073
2014414008
2016211519
2017232229
2017216451
2015375343
2015346144
2015307020
2017201996
2016273937
2017200131
2015305511
2016247171
2015335615
2016259443
2017201492
2017202587
2014364419
2017200109
2014394104
2016256684
2015320370
2015253062
2016101435
2016247180
2014391026
2015301222
2015210607
2015285344
2016228312
2014374304
2015245909
2014335449
2016204603
2015219562
2015206771
2016204997
2016203283
2016203583
2016203061
2016201943
2016222456
2016202060
2015208292
2014355109
2016202243
2016202092
2015275290
2013403409
2016201946
2016201087
2014323351
2014253681
2014292809
2014332251
2016200562
2013399639
2016201203
2013394153
2014248927
2014232307
2015268671
2015268735
2014290732
2014259459
2016202085
2014218801
2015252106
2015264907
2015272004
2013381695
2014259659
2014295814
2015213298
2014272840
2014223834
2014220228
2014236257
2014228883
2013369967
2015207974
2014235446
2015230783
2013373705
2014212669
2014278552
2013377891
2015202056
2015210392
2012394385
2013395455
2013352236
2015210368
2013329003
2013359005
2013331212
2015100457
2013271799
2015227510
2015200252
2013313333
2013300094
2013318245
2015200492
2015201865
2015201623
2013279297
2013319356
2015200085
2014259562
2015207956
2014216056
2013289939
2013287433
2013254443
2014268143
2014100522
2014101333
2014209342
2014250652
2013282391
2013249717
2013217790
2015203677
2012370343
2012336327
2012347883
2012326895
2013329127
2013213507
2012323244
2012340399
2014101029
2014268157
2013211673
2012313221
2013282051
2012319355
2012312344
2014200683
2012336209
2012283121
2012281242
2012282235
2014200145
2011373554
2012269112
2014200033
2011363004
2013237707
2013267059
2012252228
2013273688
2012334595
2012272664
2013257399
2012252426
2012242704
2012259235
2013234379
2012291475
2013209373
2012250973
2012204302
2012220546
2012211045
2012223657
2012212499
2012222202
2011353862
2013206367
2011334548
2011293718
2011322042
2012204748
2012249751
2013205355
2013203511
2011295367
2013202173
2014202130
2011291640
2011273199
2012340118
2011291745
2012300316
2013100219
2013201726
2013201177
2011291538
2012258472
2011255641
2011293635
2011256810
2011243126
2011262523
2013200503
2013200137
2012258448
2012261640
2012241158
2011247980
2012216583
2012216562
2011203816
2012101469
2012232983
2011213205
2012216546
2012241134
2011224184
2012216783
2010313737
2012202691
2011247331
2012204030
2012203414
2010335058
2010295252
2011207649
2010327317
2013204519
2010328145
2012228994
2010300074
2013224739
2010314752
2010275005
2010333238
2012202512
2010340864
2012226530
2012321248
2012297571
2010256525
2013216675
2010303058
2010343278
2010279508
2010306793
2010216271
2010208156
2011101434
2011267964
2010276382
2011101389
2011250770
2010269841
2011101248
2009298411
2011264921
2009294781
2010205493
2009326265
2010205509
2010205249
2009295702
2009335975
2009338410
2009333362
2009344837
2009313885
2008356223
2012268832
2009298559
2011203580
2011100243
2011101010
2011201314
2009275655
2009255482
2009286123
2010219392
2010246373
2011201991
2010228065
2009220341
2010236053
2010303899
2010235057
2010235938
2008344132
2009218563
2009219682
2009212543
2009262985
2010206046
2008338916
2010202088
2008327635
2010202746
2008319370
2008331994
2010201734
2010201366
2007359549
2009267486
2008288890
2010200349
2008223339
2008282232
2010201573
2008273713
2010200874
2009236013
2009271666
2008294874
2010200592
2008247502
2010200657
2009240021
2010227015
2008239931
2009250993
2009245840
2010200255
2008204723
2008319008
2008241406
2008259432
2008242567
2009251571
2009202483
2007294123
2008233078
2008218929
2007271719
2009213096
2009311073
2009202522
2009201386
2009201909
2008288768
2009201166
2009201170
2009200752
2007340273
2008291803
2007293280
2008300011
2007275950
2008244495
2009200120
2009100300
2007249239
2008100990
2006351585
2007322487
2007313442
2008214271
2007217884
2007220299
2008203796
2006321602
2007306874
2006291315
2007247498
2008207421
2006315629
2007247009
2007262746
2006284498
2008201645
2007215469
2006333390
2006315715
2008201575
2008201305
2007234484
2008207374
2006287190
2006268487
2006257026
2006244479
2007211251
2006275575
2007219360
2006269867
2008100565
2006272454
2006231520
2006218360
2007242945
2006266251
2005245497
2006315489
2007201453
2006247752
2007100428
2006233098
2007100351
2005270966
2005323847
2006330084
2005315358
2007200468
2005258951
2005273610
2006249222
2006235861
2005283072
2005326186
2006235832
2004263184
2005269640
2004258071
2005234023
2006213609
2006225270
2006100862
2005218656
2004311214
2006225273
2003230422
2004254367
2005220917
2005228353
2003268333
2004209245
2006202975
2004209124
2004298242
2004256545
2004252574
2005229763
2003257258
2004303507
2005100968
2004208427
2004303900
2004226798
2003279064
2003287098
2004227787
2005200166
2004236836
2005203359
2003303238
2005203785
2004229519
2003229180
2003261675
2003247845
2004201383
2002344218
2002366178
2003231690
2003261234
2002336839
2005200253
2003293634
2004214582
2002342560
2003216291
2002337899
2003214926
2004201504
2003249249
2002349343
2003240640
2004210517
2002306518
2002336721
2001283555
2002254606
2004200453
2001245753
2001291148
2001282554
2002215781
2001283205
2001014275
2001293471
2001026308
2003213526
2001273030
2001265051
2001270012
2002300818
2001010093
1999030792
2001076630
2002325616
1999010579
2001072253
2000049998
2001063615
2000077251
2000038575
2000056459
2000031190
2000049150
1999063768
2001064242
1999012655
1999028693
2000025674
2000042505
2000010808
